num,eigenvalue,percentage,cumulative
1,1.7994,15.00,15.00
2,1.5473,12.89,27.89
3,1.4034,11.69,39.58
4,1.2329,10.27,49.86
5,1.1123,9.27,59.13
6,1.0635,8.86,67.99
7,0.8877,7.40,75.39
8,0.7653,6.38,81.76
9,0.7059,5.88,87.65
10,0.6000,5.00,92.65
11,0.5414,4.51,97.16
12,0.3410,2.84,100.00
